{
 "cells": [
  {
   "cell_type": "code",
   "execution_count": 1,
   "metadata": {
    "collapsed": false,
    "deletable": true,
    "editable": true
   },
   "outputs": [
    {
     "name": "stdout",
     "output_type": "stream",
     "text": [
      "timestep 0\n",
      "timestep 1\n",
      "timestep 2\n",
      "timestep 0\n",
      "timestep 1\n",
      "timestep 2\n",
      "[<tf.Variable 'MemSel/Params/W_mem:0' shape=(55, 50) dtype=float64_ref>, <tf.Variable 'MemSel/Params/W2_mem:0' shape=(50, 4) dtype=float64_ref>, <tf.Variable 'OpSel/Params/W_op:0' shape=(55, 50) dtype=float64_ref>, <tf.Variable 'OpSel/Params/W2_op:0' shape=(50, 4) dtype=float64_ref>, <tf.Variable 'RNN_hist/Params/W_hist:0' shape=(150, 50) dtype=float64_ref>]\n",
      "norming the grads\n",
      "grads are\n",
      "[<tf.Tensor 'RNN_hist/Grads/clip_by_global_norm/RNN_hist/Grads/clip_by_global_norm/_0:0' shape=(55, 50) dtype=float64>, <tf.Tensor 'RNN_hist/Grads/clip_by_global_norm/RNN_hist/Grads/clip_by_global_norm/_1:0' shape=(50, 4) dtype=float64>, <tf.Tensor 'RNN_hist/Grads/clip_by_global_norm/RNN_hist/Grads/clip_by_global_norm/_2:0' shape=(55, 50) dtype=float64>, <tf.Tensor 'RNN_hist/Grads/clip_by_global_norm/RNN_hist/Grads/clip_by_global_norm/_3:0' shape=(50, 4) dtype=float64>, <tf.Tensor 'RNN_hist/Grads/clip_by_global_norm/RNN_hist/Grads/clip_by_global_norm/_4:0' shape=(150, 50) dtype=float64>]\n",
      "norm is \n",
      "Tensor(\"RNN_hist/Grads/global_norm/global_norm:0\", shape=(), dtype=float64)\n",
      "num batches train: 2\n",
      "num batches test: 1\n",
      "INFO:tensorflow:Restoring parameters from /home/user/neural_program_synthesis/models/summaries/HistoryRNN/np_avg_val-3ops/state_size_50-num_samples_1500-batch_size_400-learning_rate_0.001-epsilon_0.001-loss_weight_0.5-num_features_5-norm_True-grad_norm_1000.0-softmax_sat_1-clip_False-share_state_True-rnns_same_state_False-seed_65774//model/-26850\n"
     ]
    }
   ],
   "source": [
    "import pprint\n",
    "import os\n",
    "import sys\n",
    "import numpy as np\n",
    "from params import get_cfg\n",
    "from rnn_base import RNN\n",
    "from mem_sel_rnn import MemRNN\n",
    "from rnn_base import RNN\n",
    "from history_rnn import HistoryRNN\n",
    "from op_selector import OpSel\n",
    "from mem_selector import MemSel\n",
    "from ops import Operations\n",
    "from session import *\n",
    "from data_gen import samples_generator, split_train_test\n",
    "import pickle\n",
    "from data_gen import samples_generator, split_train_test\n",
    "\n",
    "modelName = 'HistoryRNN'\n",
    "func = 'np_avg_val-3ops'\n",
    "name = 'state_size_50-num_samples_1500-batch_size_400-learning_rate_0.001-epsilon_0.001-loss_weight_0.5-num_features_5-norm_True-grad_norm_1000.0-softmax_sat_1-clip_False-share_state_True-rnns_same_state_False-seed_65774'\n",
    "path = '/home/user/neural_program_synthesis/models/summaries/'+modelName+'/'+func+'/'+name+'/'\n",
    "model_path = path+'/model'\n",
    "#get the global configuration\n",
    "cfg_path = path+'cfg.p'\n",
    "cfg = pickle.load(open(cfg_path, 'rb'))\n",
    "#instantiate containter with the operations avail for the selection\n",
    "ops = Operations(cfg)\n",
    "#generate data \n",
    "x,y = samples_generator(cfg['train_fn'], (cfg['num_samples'], cfg['num_features']) , cfg['samples_value_rng'], cfg['seed'])\n",
    "x_train, x_test, y_train, y_test = split_train_test (x, y , cfg['test_ratio'])\n",
    "\n",
    "if modelName == \"RNN\":\n",
    "        #instantiante the mem selection RNN\n",
    "        mem = MemRNN(cfg, ops)\n",
    "        # instanitae the model graph with the main OP selection RNN\n",
    "        model = RNN(cfg, ops, mem)\n",
    "        res = restore_selection_matrixes2RNNS(model, cfg, x_train, x_test, y_train, y_test, model_path)\n",
    "elif modelName == \"HistoryRNN\":\n",
    "        #instantiante the mem and op selection\n",
    "        mem_sel = MemSel(cfg, ops)\n",
    "        op_sel = OpSel(cfg, ops)\n",
    "        # instanitae the model graph with the main OP selection RNN\n",
    "        model = HistoryRNN(cfg, ops, mem_sel, op_sel)\n",
    "        res = restore_selection_matrixes_HistoryRNNS(model, cfg, x_train, x_test, y_train, y_test, model_path)"
   ]
  },
  {
   "cell_type": "code",
   "execution_count": 2,
   "metadata": {
    "collapsed": false,
    "deletable": true,
    "editable": true
   },
   "outputs": [],
   "source": [
    "def print_errors(error_lst, name):\n",
    "    print(\"\")\n",
    "    for i, error in enumerate(error_lst):\n",
    "        print(name + \"[\" + str(i) + \"] err is \" + str(error))"
   ]
  },
  {
   "cell_type": "code",
   "execution_count": 3,
   "metadata": {
    "collapsed": false,
    "deletable": true,
    "editable": true
   },
   "outputs": [],
   "source": [
    "def print_matrix(total_error, matrix_lst):\n",
    "    np.set_printoptions(precision=3, suppress=True)\n",
    "    print(\"Error for this matrix is\", total_error)\n",
    "    for elem in range(len(matrix_lst[0])):\n",
    "        print(\"\\n##Elem-\"+str(elem)+\"--#############################################################\")        \n",
    "        for matrix in matrix_lst:\n",
    "            print(matrix[elem], end=\" \")\n",
    "       "
   ]
  },
  {
   "cell_type": "code",
   "execution_count": 4,
   "metadata": {
    "collapsed": false
   },
   "outputs": [],
   "source": [
    "def print_ops_matrix(total_error, matrix_lst, ops_list):\n",
    "    np.set_printoptions(precision=3, suppress=True)\n",
    "    print(\"Error for this matrix is\", total_error)\n",
    "    for elem in range(len(matrix_lst[0])):\n",
    "        print(\"\\n##Elem-\"+str(elem)+\"--#############################################################\")        \n",
    "        for matrix in matrix_lst:\n",
    "            index = np.argmax(matrix[elem])\n",
    "            op_name = ops_list[index].__name__\n",
    "            print(\"[ \"+op_name+\" ]\", end=\" \")\n",
    "            "
   ]
  },
  {
   "cell_type": "code",
   "execution_count": 5,
   "metadata": {
    "collapsed": false,
    "deletable": true,
    "editable": true
   },
   "outputs": [
    {
     "name": "stdout",
     "output_type": "stream",
     "text": [
      "\n",
      "sofmax_train_error[0] err is 73.641406238\n",
      "sofmax_train_error[1] err is 130.960327838\n",
      "\n",
      "hardmax_train_error[0] err is 970696.628738\n",
      "hardmax_train_error[1] err is 3.18676119752e+17\n",
      "\n",
      "softmax_test_error[0] err is 5.7197298331e+17\n",
      "\n",
      "hardmax_test_error[0] err is 1668111.50512\n"
     ]
    }
   ],
   "source": [
    "print_errors(res[\"total_loss_traind_train\"], \"sofmax_train_error\")\n",
    "print_errors(res[\"total_loss_traind_test\"], \"hardmax_train_error\")\n",
    "print_errors(res[\"total_loss_testd_train\"], \"softmax_test_error\")\n",
    "print_errors(res[\"total_loss_testd_test\"], \"hardmax_test_error\")"
   ]
  },
  {
   "cell_type": "code",
   "execution_count": 6,
   "metadata": {
    "collapsed": false,
    "deletable": true,
    "editable": true,
    "scrolled": true
   },
   "outputs": [
    {
     "name": "stdout",
     "output_type": "stream",
     "text": [
      "Error for this matrix is 130.960327838\n",
      "\n",
      "##Elem-0--#############################################################\n",
      "[ 0.063  0.194  0.457  0.286] [ 0.014  0.595  0.357  0.034] [ 0.096  0.001  0.001  0.901] \n",
      "##Elem-1--#############################################################\n",
      "[ 0.15   0.298  0.404  0.148] [ 0.161  0.33   0.351  0.158] [ 0.515  0.001  0.001  0.483] \n",
      "##Elem-2--#############################################################\n",
      "[ 0.099  0.236  0.458  0.208] [ 0.046  0.5    0.41   0.045] [ 0.231  0.001  0.002  0.766] \n",
      "##Elem-3--#############################################################\n",
      "[ 0.026  0.38   0.546  0.049] [ 0.051  0.462  0.399  0.087] [ 0.118  0.001  0.001  0.881] \n",
      "##Elem-4--#############################################################\n",
      "[ 0.017  0.435  0.534  0.015] [ 0.252  0.231  0.264  0.254] [ 0.414  0.002  0.003  0.581] \n",
      "##Elem-5--#############################################################\n",
      "[ 0.067  0.4    0.479  0.054] [ 0.326  0.163  0.19   0.32 ] [ 0.496  0.002  0.002  0.501] \n",
      "##Elem-6--#############################################################\n",
      "[ 0.121  0.262  0.422  0.196] [ 0.131  0.402  0.346  0.12 ] [ 0.237  0.001  0.002  0.76 ] \n",
      "##Elem-7--#############################################################\n",
      "[ 0.099  0.282  0.457  0.162] [ 0.068  0.47   0.401  0.061] [ 0.223  0.001  0.002  0.774] \n",
      "##Elem-8--#############################################################\n",
      "[ 0.076  0.37   0.475  0.078] [ 0.129  0.539  0.216  0.116] [ 0.441  0.002  0.002  0.556] \n",
      "##Elem-9--#############################################################\n",
      "[ 0.137  0.308  0.419  0.136] [ 0.243  0.228  0.266  0.263] [ 0.423  0.002  0.002  0.573] \n",
      "##Elem-10--#############################################################\n",
      "[ 0.137  0.245  0.398  0.219] [ 0.088  0.45   0.384  0.078] [ 0.25   0.001  0.001  0.748] \n",
      "##Elem-11--#############################################################\n",
      "[ 0.128  0.249  0.408  0.215] [ 0.041  0.492  0.422  0.044] [ 0.22   0.001  0.001  0.778] \n",
      "##Elem-12--#############################################################\n",
      "[ 0.049  0.417  0.494  0.04 ] [ 0.348  0.157  0.17   0.325] [ 0.507  0.002  0.002  0.489] \n",
      "##Elem-13--#############################################################\n",
      "[ 0.02   0.346  0.591  0.042] [ 0.045  0.489  0.418  0.049] [ 0.207  0.002  0.003  0.789] \n",
      "##Elem-14--#############################################################\n",
      "[ 0.179  0.2    0.33   0.292] [ 0.1    0.435  0.375  0.089] [ 0.238  0.001  0.001  0.76 ] \n",
      "##Elem-15--#############################################################\n",
      "[ 0.182  0.199  0.331  0.288] [ 0.103  0.432  0.379  0.087] [ 0.24   0.001  0.002  0.757] \n",
      "##Elem-16--#############################################################\n",
      "[ 0.083  0.46   0.411  0.047] [ 0.105  0.518  0.331  0.046] [ 0.444  0.003  0.003  0.55 ] \n",
      "##Elem-17--#############################################################\n",
      "[ 0.093  0.349  0.467  0.092] [ 0.117  0.356  0.401  0.126] [ 0.424  0.002  0.002  0.572] \n",
      "##Elem-18--#############################################################\n",
      "[ 0.056  0.451  0.45   0.042] [ 0.376  0.211  0.107  0.305] [ 0.506  0.001  0.001  0.492] \n",
      "##Elem-19--#############################################################\n",
      "[ 0.098  0.352  0.455  0.095] [ 0.137  0.566  0.174  0.124] [ 0.514  0.002  0.002  0.482] \n",
      "##Elem-20--#############################################################\n",
      "[ 0.085  0.16   0.315  0.441] [ 0.013  0.654  0.29   0.043] [ 0.073  0.001  0.001  0.925] \n",
      "##Elem-21--#############################################################\n",
      "[ 0.213  0.141  0.255  0.391] [ 0.148  0.407  0.329  0.116] [ 0.243  0.001  0.001  0.755] \n",
      "##Elem-22--#############################################################\n",
      "[ 0.114  0.232  0.413  0.24 ] [ 0.114  0.425  0.344  0.117] [ 0.228  0.002  0.003  0.768] \n",
      "##Elem-23--#############################################################\n",
      "[ 0.127  0.226  0.4    0.246] [ 0.157  0.397  0.319  0.127] [ 0.228  0.     0.001  0.771] \n",
      "##Elem-24--#############################################################\n",
      "[ 0.124  0.334  0.422  0.12 ] [ 0.054  0.694  0.219  0.033] [ 0.398  0.003  0.002  0.598] \n",
      "##Elem-25--#############################################################\n",
      "[ 0.108  0.372  0.439  0.081] [ 0.372  0.155  0.133  0.34 ] [ 0.503  0.002  0.002  0.493] \n",
      "##Elem-26--#############################################################\n",
      "[ 0.085  0.356  0.476  0.083] [ 0.261  0.222  0.253  0.264] [ 0.447  0.002  0.002  0.548] \n",
      "##Elem-27--#############################################################\n",
      "[ 0.032  0.424  0.516  0.029] [ 0.198  0.282  0.319  0.2  ] [ 0.418  0.002  0.002  0.578] \n",
      "##Elem-28--#############################################################\n",
      "[ 0.103  0.256  0.449  0.193] [ 0.049  0.509  0.402  0.04 ] [ 0.234  0.     0.     0.765] \n",
      "##Elem-29--#############################################################\n",
      "[ 0.089  0.385  0.454  0.071] [ 0.384  0.145  0.126  0.345] [ 0.505  0.001  0.002  0.492] \n",
      "##Elem-30--#############################################################\n",
      "[ 0.22   0.129  0.233  0.418] [ 0.049  0.491  0.411  0.049] [ 0.229  0.     0.001  0.77 ] \n",
      "##Elem-31--#############################################################\n",
      "[ 0.19   0.264  0.352  0.194] [ 0.234  0.247  0.278  0.241] [ 0.432  0.003  0.004  0.561] \n",
      "##Elem-32--#############################################################\n",
      "[ 0.061  0.601  0.29   0.049] [ 0.242  0.436  0.112  0.211] [ 0.481  0.002  0.002  0.515] \n",
      "##Elem-33--#############################################################\n",
      "[ 0.121  0.324  0.433  0.121] [ 0.176  0.306  0.34   0.178] [ 0.465  0.002  0.001  0.532] \n",
      "##Elem-34--#############################################################\n",
      "[ 0.147  0.449  0.335  0.069] [ 0.182  0.528  0.149  0.141] [ 0.44   0.001  0.001  0.558] \n",
      "##Elem-35--#############################################################\n",
      "[ 0.212  0.136  0.241  0.41 ] [ 0.226  0.319  0.264  0.191] [ 0.24   0.002  0.002  0.755] \n",
      "##Elem-36--#############################################################\n",
      "[ 0.063  0.286  0.51   0.141] [ 0.084  0.449  0.378  0.089] [ 0.221  0.     0.001  0.778] \n",
      "##Elem-37--#############################################################\n",
      "[ 0.079  0.224  0.492  0.205] [ 0.132  0.405  0.318  0.144] [ 0.219  0.001  0.001  0.78 ] \n",
      "##Elem-38--#############################################################\n",
      "[ 0.126  0.319  0.429  0.125] [ 0.225  0.25   0.285  0.239] [ 0.425  0.001  0.002  0.571] \n",
      "##Elem-39--#############################################################\n",
      "[ 0.043  0.338  0.549  0.07 ] [ 0.051  0.479  0.415  0.055] [ 0.219  0.002  0.003  0.776] \n",
      "##Elem-40--#############################################################\n",
      "[ 0.049  0.402  0.505  0.044] [ 0.336  0.147  0.17   0.347] [ 0.415  0.002  0.002  0.581] \n",
      "##Elem-41--#############################################################\n",
      "[ 0.223  0.133  0.241  0.403] [ 0.309  0.249  0.21   0.232] [ 0.258  0.001  0.001  0.74 ] \n",
      "##Elem-42--#############################################################\n",
      "[ 0.211  0.169  0.279  0.341] [ 0.108  0.428  0.368  0.096] [ 0.248  0.002  0.003  0.747] \n",
      "##Elem-43--#############################################################\n",
      "[ 0.197  0.157  0.282  0.363] [ 0.066  0.487  0.392  0.055] [ 0.235  0.     0.001  0.764] \n",
      "##Elem-44--#############################################################\n",
      "[ 0.146  0.302  0.407  0.145] [ 0.258  0.227  0.258  0.257] [ 0.478  0.003  0.002  0.517] \n",
      "##Elem-45--#############################################################\n",
      "[ 0.08   0.383  0.47   0.066] [ 0.252  0.232  0.262  0.253] [ 0.454  0.002  0.002  0.542] \n",
      "##Elem-46--#############################################################\n",
      "[ 0.115  0.271  0.43   0.183] [ 0.207  0.327  0.289  0.177] [ 0.251  0.001  0.001  0.747] \n",
      "##Elem-47--#############################################################\n",
      "[ 0.08   0.361  0.48   0.079] [ 0.298  0.2    0.209  0.294] [ 0.512  0.001  0.001  0.485] \n",
      "##Elem-48--#############################################################\n",
      "[ 0.165  0.32   0.386  0.129] [ 0.334  0.157  0.183  0.325] [ 0.468  0.001  0.001  0.53 ] \n",
      "##Elem-49--#############################################################\n",
      "[ 0.124  0.32   0.432  0.123] [ 0.107  0.362  0.412  0.119] [ 0.415  0.002  0.003  0.58 ] \n",
      "##Elem-50--#############################################################\n",
      "[ 0.098  0.262  0.453  0.187] [ 0.218  0.335  0.273  0.174] [ 0.243  0.     0.001  0.756] \n",
      "##Elem-51--#############################################################\n",
      "[ 0.17   0.296  0.368  0.166] [ 0.092  0.638  0.181  0.089] [ 0.467  0.001  0.001  0.531] \n",
      "##Elem-52--#############################################################\n",
      "[ 0.107  0.249  0.438  0.206] [ 0.102  0.447  0.367  0.085] [ 0.229  0.     0.001  0.77 ] \n",
      "##Elem-53--#############################################################\n",
      "[ 0.161  0.195  0.346  0.298] [ 0.182  0.371  0.301  0.146] [ 0.244  0.001  0.001  0.754] \n",
      "##Elem-54--#############################################################\n",
      "[ 0.1    0.341  0.46   0.099] [ 0.199  0.281  0.318  0.202] [ 0.425  0.002  0.002  0.57 ] \n",
      "##Elem-55--#############################################################\n",
      "[ 0.09   0.264  0.471  0.175] [ 0.028  0.533  0.417  0.022] [ 0.231  0.     0.     0.769] \n",
      "##Elem-56--#############################################################\n",
      "[ 0.04   0.462  0.469  0.028] [ 0.12   0.489  0.34   0.051] [ 0.457  0.001  0.001  0.541] \n",
      "##Elem-57--#############################################################\n",
      "[ 0.117  0.238  0.422  0.223] [ 0.197  0.354  0.287  0.162] [ 0.243  0.001  0.001  0.755] \n",
      "##Elem-58--#############################################################\n",
      "[ 0.126  0.322  0.427  0.126] [ 0.181  0.3    0.331  0.188] [ 0.469  0.004  0.003  0.523] \n",
      "##Elem-59--#############################################################\n",
      "[ 0.142  0.304  0.415  0.139] [ 0.134  0.346  0.383  0.137] [ 0.464  0.003  0.002  0.531] \n",
      "##Elem-60--#############################################################\n",
      "[ 0.071  0.396  0.476  0.057] [ 0.261  0.224  0.251  0.264] [ 0.471  0.003  0.003  0.523] \n",
      "##Elem-61--#############################################################\n",
      "[ 0.026  0.425  0.525  0.023] [ 0.349  0.135  0.156  0.36 ] [ 0.438  0.001  0.001  0.559] \n",
      "##Elem-62--#############################################################\n",
      "[ 0.05   0.418  0.491  0.041] [ 0.291  0.229  0.218  0.262] [ 0.498  0.001  0.001  0.501] \n",
      "##Elem-63--#############################################################\n",
      "[ 0.111  0.335  0.445  0.11 ] [ 0.221  0.261  0.293  0.224] [ 0.426  0.003  0.003  0.568] \n",
      "##Elem-64--#############################################################\n",
      "[ 0.165  0.193  0.348  0.294] [ 0.095  0.459  0.371  0.075] [ 0.244  0.     0.001  0.754] \n",
      "##Elem-65--#############################################################\n",
      "[ 0.009  0.542  0.392  0.058] [ 0.019  0.778  0.158  0.044] [ 0.076  0.001  0.001  0.922] \n",
      "##Elem-66--#############################################################\n",
      "[ 0.026  0.363  0.557  0.055] [ 0.071  0.41   0.396  0.123] [ 0.13   0.002  0.002  0.866] \n",
      "##Elem-67--#############################################################\n",
      "[ 0.103  0.353  0.45   0.094] [ 0.282  0.185  0.216  0.317] [ 0.405  0.002  0.003  0.59 ] \n",
      "##Elem-68--#############################################################\n",
      "[ 0.102  0.255  0.448  0.194] [ 0.131  0.423  0.34   0.106] [ 0.246  0.001  0.001  0.752] \n",
      "##Elem-69--#############################################################\n",
      "[ 0.079  0.293  0.469  0.158] [ 0.071  0.447  0.392  0.09 ] [ 0.166  0.     0.001  0.833] \n",
      "##Elem-70--#############################################################\n",
      "[ 0.067  0.374  0.494  0.066] [ 0.244  0.287  0.243  0.226] [ 0.513  0.001  0.001  0.484] \n",
      "##Elem-71--#############################################################\n",
      "[ 0.099  0.208  0.428  0.265] [ 0.152  0.385  0.261  0.202] [ 0.209  0.001  0.001  0.79 ] \n",
      "##Elem-72--#############################################################\n",
      "[ 0.048  0.327  0.532  0.093] [ 0.044  0.487  0.422  0.047] [ 0.208  0.001  0.002  0.789] \n",
      "##Elem-73--#############################################################\n",
      "[ 0.007  0.562  0.426  0.005] [ 0.035  0.74   0.183  0.042] [ 0.161  0.003  0.003  0.834] \n",
      "##Elem-74--#############################################################\n",
      "[ 0.216  0.141  0.255  0.389] [ 0.144  0.411  0.333  0.111] [ 0.256  0.001  0.001  0.742] \n",
      "##Elem-75--#############################################################\n",
      "[ 0.074  0.272  0.496  0.158] [ 0.124  0.416  0.339  0.122] [ 0.205  0.     0.001  0.794] \n",
      "##Elem-76--#############################################################\n",
      "[ 0.025  0.259  0.537  0.18 ] [ 0.032  0.595  0.264  0.11 ] [ 0.076  0.001  0.001  0.922] \n",
      "##Elem-77--#############################################################\n",
      "[ 0.102  0.255  0.449  0.194] [ 0.161  0.393  0.314  0.132] [ 0.228  0.001  0.001  0.769] \n",
      "##Elem-78--#############################################################\n",
      "[ 0.104  0.239  0.438  0.219] [ 0.122  0.413  0.341  0.124] [ 0.223  0.001  0.001  0.775] \n",
      "##Elem-79--#############################################################\n",
      "[ 0.058  0.307  0.525  0.11 ] [ 0.139  0.414  0.335  0.112] [ 0.231  0.     0.     0.768] \n",
      "##Elem-80--#############################################################\n",
      "[ 0.076  0.284  0.496  0.144] [ 0.056  0.499  0.398  0.047] [ 0.228  0.001  0.001  0.771] \n",
      "##Elem-81--#############################################################\n",
      "[ 0.074  0.198  0.357  0.371] [ 0.006  0.757  0.219  0.018] [ 0.082  0.001  0.001  0.916] \n",
      "##Elem-82--#############################################################\n",
      "[ 0.116  0.31   0.47   0.104] [ 0.091  0.642  0.184  0.084] [ 0.135  0.001  0.002  0.862] \n",
      "##Elem-83--#############################################################\n",
      "[ 0.191  0.189  0.31   0.31 ] [ 0.157  0.375  0.331  0.137] [ 0.251  0.001  0.001  0.747] \n",
      "##Elem-84--#############################################################\n",
      "[ 0.111  0.244  0.43   0.214] [ 0.138  0.41   0.33   0.121] [ 0.228  0.     0.001  0.771] \n",
      "##Elem-85--#############################################################\n",
      "[ 0.131  0.313  0.426  0.13 ] [ 0.251  0.232  0.268  0.249] [ 0.473  0.002  0.001  0.524] \n",
      "##Elem-86--#############################################################\n",
      "[ 0.099  0.364  0.432  0.105] [ 0.096  0.651  0.168  0.086] [ 0.428  0.002  0.002  0.568] \n",
      "##Elem-87--#############################################################\n",
      "[ 0.097  0.346  0.461  0.096] [ 0.151  0.317  0.363  0.17 ] [ 0.416  0.002  0.002  0.58 ] \n",
      "##Elem-88--#############################################################\n",
      "[ 0.044  0.422  0.498  0.036] [ 0.288  0.195  0.224  0.293] [ 0.446  0.002  0.002  0.55 ] \n",
      "##Elem-89--#############################################################\n",
      "[ 0.038  0.412  0.515  0.034] [ 0.277  0.19   0.221  0.312] [ 0.393  0.004  0.005  0.598] \n",
      "##Elem-90--#############################################################\n",
      "[ 0.115  0.265  0.433  0.187] [ 0.1    0.434  0.374  0.092] [ 0.227  0.001  0.001  0.771] \n",
      "##Elem-91--#############################################################\n",
      "[ 0.031  0.237  0.501  0.23 ] [ 0.024  0.625  0.27   0.081] [ 0.07   0.001  0.     0.929] \n",
      "##Elem-92--#############################################################\n",
      "[ 0.083  0.388  0.462  0.067] [ 0.195  0.286  0.322  0.197] [ 0.471  0.002  0.001  0.526] \n",
      "##Elem-93--#############################################################\n",
      "[ 0.061  0.303  0.52   0.117] [ 0.181  0.372  0.299  0.148] [ 0.224  0.001  0.001  0.774] \n",
      "##Elem-94--#############################################################\n",
      "[ 0.073  0.223  0.523  0.182] [ 0.066  0.516  0.318  0.1  ] [ 0.16   0.002  0.002  0.836] \n",
      "##Elem-95--#############################################################\n",
      "[ 0.066  0.479  0.408  0.047] [ 0.297  0.328  0.118  0.257] [ 0.504  0.001  0.001  0.495] \n",
      "##Elem-96--#############################################################\n",
      "[ 0.146  0.207  0.368  0.279] [ 0.076  0.478  0.384  0.062] [ 0.242  0.001  0.001  0.757] \n",
      "##Elem-97--#############################################################\n",
      "[ 0.081  0.287  0.47   0.163] [ 0.061  0.463  0.407  0.068] [ 0.204  0.001  0.001  0.795] \n",
      "##Elem-98--#############################################################\n",
      "[ 0.12   0.234  0.413  0.232] [ 0.083  0.468  0.382  0.068] [ 0.229  0.     0.001  0.769] \n",
      "##Elem-99--#############################################################\n",
      "[ 0.116  0.327  0.441  0.116] [ 0.315  0.175  0.193  0.317] [ 0.501  0.001  0.002  0.496] \n",
      "##Elem-100--#############################################################\n",
      "[ 0.057  0.375  0.342  0.227] [ 0.042  0.827  0.108  0.023] [ 0.243  0.003  0.002  0.752] \n",
      "##Elem-101--#############################################################\n",
      "[ 0.206  0.149  0.269  0.376] [ 0.147  0.409  0.333  0.111] [ 0.258  0.001  0.001  0.74 ] \n",
      "##Elem-102--#############################################################\n",
      "[ 0.095  0.365  0.438  0.103] [ 0.068  0.724  0.152  0.056] [ 0.424  0.001  0.001  0.574] \n",
      "##Elem-103--#############################################################\n",
      "[ 0.109  0.274  0.443  0.174] [ 0.081  0.456  0.391  0.071] [ 0.227  0.001  0.001  0.771] \n",
      "##Elem-104--#############################################################\n",
      "[ 0.018  0.375  0.565  0.042] [ 0.033  0.473  0.447  0.047] [ 0.118  0.001  0.001  0.879] \n",
      "##Elem-105--#############################################################\n",
      "[ 0.084  0.374  0.469  0.073] [ 0.287  0.198  0.226  0.289] [ 0.432  0.002  0.002  0.564] \n",
      "##Elem-106--#############################################################\n",
      "[ 0.127  0.319  0.428  0.126] [ 0.205  0.291  0.302  0.202] [ 0.524  0.001  0.001  0.474] \n",
      "##Elem-107--#############################################################\n",
      "[ 0.104  0.253  0.443  0.199] [ 0.096  0.458  0.367  0.079] [ 0.242  0.001  0.001  0.757] \n",
      "##Elem-108--#############################################################\n",
      "[ 0.017  0.438  0.53   0.015] [ 0.185  0.285  0.326  0.204] [ 0.413  0.002  0.003  0.582] \n",
      "##Elem-109--#############################################################\n",
      "[ 0.138  0.307  0.418  0.137] [ 0.207  0.26   0.3    0.233] [ 0.391  0.003  0.004  0.602] \n",
      "##Elem-110--#############################################################\n",
      "[ 0.154  0.203  0.364  0.278] [ 0.169  0.386  0.316  0.129] [ 0.247  0.002  0.002  0.749] \n",
      "##Elem-111--#############################################################\n",
      "[ 0.109  0.238  0.429  0.225] [ 0.048  0.499  0.406  0.048] [ 0.23  0.    0.    0.77] \n",
      "##Elem-112--#############################################################\n",
      "[ 0.044  0.217  0.606  0.134] [ 0.021  0.572  0.382  0.025] [ 0.192  0.001  0.002  0.804] \n",
      "##Elem-113--#############################################################\n",
      "[ 0.079  0.435  0.43   0.056] [ 0.373  0.202  0.132  0.292] [ 0.507  0.002  0.003  0.488] \n",
      "##Elem-114--#############################################################\n",
      "[ 0.147  0.299  0.408  0.146] [ 0.169  0.298  0.343  0.19 ] [ 0.416  0.001  0.002  0.581] \n",
      "##Elem-115--#############################################################\n",
      "[ 0.136  0.243  0.399  0.221] [ 0.085  0.448  0.388  0.078] [ 0.233  0.001  0.001  0.765] \n",
      "##Elem-116--#############################################################\n",
      "[ 0.096  0.284  0.46   0.16 ] [ 0.083  0.442  0.387  0.088] [ 0.221  0.001  0.001  0.777] \n",
      "##Elem-117--#############################################################\n",
      "[ 0.045  0.419  0.5    0.036] [ 0.316  0.175  0.198  0.311] [ 0.502  0.002  0.002  0.495] \n",
      "##Elem-118--#############################################################\n",
      "[ 0.025  0.358  0.566  0.051] [ 0.067  0.454  0.406  0.073] [ 0.202  0.001  0.002  0.794] \n",
      "##Elem-119--#############################################################\n",
      "[ 0.147  0.211  0.377  0.265] [ 0.267  0.289  0.238  0.206] [ 0.253  0.001  0.002  0.744] \n",
      "##Elem-120--#############################################################\n",
      "[ 0.136  0.224  0.396  0.243] [ 0.121  0.434  0.351  0.094] [ 0.228  0.001  0.001  0.769] \n",
      "##Elem-121--#############################################################\n",
      "[ 0.048  0.223  0.478  0.251] [ 0.042  0.599  0.276  0.082] [ 0.131  0.001  0.001  0.868] \n",
      "##Elem-122--#############################################################\n",
      "[ 0.025  0.37   0.553  0.052] [ 0.057  0.461  0.393  0.089] [ 0.14   0.001  0.001  0.858] \n",
      "##Elem-123--#############################################################\n",
      "[ 0.181  0.17   0.301  0.349] [ 0.214  0.336  0.273  0.177] [ 0.243  0.003  0.004  0.751] \n",
      "##Elem-124--#############################################################\n",
      "[ 0.067  0.282  0.506  0.145] [ 0.086  0.451  0.377  0.086] [ 0.229  0.     0.001  0.77 ] \n",
      "##Elem-125--#############################################################\n",
      "[ 0.123  0.321  0.436  0.12 ] [ 0.19   0.301  0.319  0.189] [ 0.51   0.003  0.003  0.485] \n",
      "##Elem-126--#############################################################\n",
      "[ 0.149  0.298  0.406  0.147] [ 0.126  0.355  0.392  0.127] [ 0.486  0.002  0.002  0.51 ] \n",
      "##Elem-127--#############################################################\n",
      "[ 0.131  0.174  0.307  0.388] [ 0.042  0.542  0.366  0.049] [ 0.22   0.001  0.001  0.778] \n",
      "##Elem-128--#############################################################\n",
      "[ 0.137  0.308  0.421  0.133] [ 0.19   0.293  0.326  0.192] [ 0.479  0.003  0.002  0.517] \n",
      "##Elem-129--#############################################################\n",
      "[ 0.145  0.303  0.409  0.144] [ 0.186  0.295  0.331  0.188] [ 0.474  0.002  0.002  0.522] \n",
      "##Elem-130--#############################################################\n",
      "[ 0.089  0.384  0.457  0.07 ] [ 0.393  0.12   0.127  0.36 ] [ 0.5    0.001  0.001  0.497] \n",
      "##Elem-131--#############################################################\n",
      "[ 0.179  0.272  0.372  0.177] [ 0.153  0.336  0.359  0.152] [ 0.508  0.001  0.001  0.491] \n",
      "##Elem-132--#############################################################\n",
      "[ 0.136  0.223  0.394  0.247] [ 0.228  0.327  0.272  0.174] [ 0.248  0.001  0.001  0.751] \n",
      "##Elem-133--#############################################################\n",
      "[ 0.028  0.689  0.249  0.033] [ 0.12   0.609  0.151  0.12 ] [ 0.304  0.001  0.002  0.692] \n",
      "##Elem-134--#############################################################\n",
      "[ 0.006  0.501  0.488  0.005] [ 0.415  0.148  0.099  0.339] [ 0.506  0.001  0.001  0.493] \n",
      "##Elem-135--#############################################################\n",
      "[ 0.068  0.328  0.463  0.142] [ 0.095  0.426  0.377  0.102] [ 0.209  0.     0.001  0.79 ] \n",
      "##Elem-136--#############################################################\n",
      "[ 0.12   0.263  0.427  0.191] [ 0.099  0.441  0.373  0.088] [ 0.231  0.001  0.001  0.767] \n",
      "##Elem-137--#############################################################\n",
      "[ 0.061  0.393  0.492  0.055] [ 0.209  0.267  0.305  0.219] [ 0.42   0.002  0.003  0.575] \n",
      "##Elem-138--#############################################################\n",
      "[ 0.096  0.345  0.462  0.096] [ 0.173  0.294  0.338  0.195] [ 0.396  0.003  0.003  0.597] \n",
      "##Elem-139--#############################################################\n",
      "[ 0.095  0.371  0.456  0.077] [ 0.311  0.175  0.201  0.313] [ 0.471  0.002  0.002  0.525] \n",
      "##Elem-140--#############################################################\n",
      "[ 0.055  0.319  0.53   0.097] [ 0.045  0.485  0.42   0.049] [ 0.222  0.002  0.003  0.772] \n",
      "##Elem-141--#############################################################\n",
      "[ 0.11   0.336  0.446  0.108] [ 0.026  0.806  0.155  0.013] [ 0.447  0.001  0.001  0.55 ] \n",
      "##Elem-142--#############################################################\n",
      "[ 0.1    0.345  0.456  0.099] [ 0.123  0.562  0.204  0.112] [ 0.513  0.002  0.002  0.483] \n",
      "##Elem-143--#############################################################\n",
      "[ 0.033  0.407  0.534  0.026] [ 0.427  0.083  0.093  0.397] [ 0.498  0.001  0.001  0.5  ] \n",
      "##Elem-144--#############################################################\n",
      "[ 0.134  0.311  0.423  0.132] [ 0.158  0.323  0.359  0.16 ] [ 0.425  0.004  0.005  0.567] \n",
      "##Elem-145--#############################################################\n",
      "[ 0.111  0.378  0.425  0.086] [ 0.426  0.138  0.098  0.338] [ 0.504  0.001  0.001  0.494] \n",
      "##Elem-146--#############################################################\n",
      "[ 0.15   0.231  0.376  0.242] [ 0.211  0.322  0.285  0.181] [ 0.253  0.001  0.001  0.746] \n",
      "##Elem-147--#############################################################\n",
      "[ 0.109  0.248  0.435  0.208] [ 0.132  0.426  0.337  0.105] [ 0.245  0.001  0.002  0.752] \n",
      "##Elem-148--#############################################################\n",
      "[ 0.413  0.122  0.183  0.282] [ 0.086  0.615  0.216  0.083] [ 0.501  0.001  0.001  0.497] \n",
      "##Elem-149--#############################################################\n",
      "[ 0.008  0.539  0.447  0.005] [ 0.04   0.733  0.177  0.05 ] [ 0.41   0.002  0.002  0.586] \n",
      "##Elem-150--#############################################################\n",
      "[ 0.143  0.303  0.413  0.14 ] [ 0.139  0.36   0.368  0.133] [ 0.484  0.004  0.003  0.51 ] \n",
      "##Elem-151--#############################################################\n",
      "[ 0.077  0.392  0.468  0.062] [ 0.343  0.142  0.163  0.352] [ 0.452  0.002  0.001  0.545] \n",
      "##Elem-152--#############################################################\n",
      "[ 0.095  0.349  0.463  0.093] [ 0.24   0.243  0.273  0.244] [ 0.468  0.003  0.002  0.527] \n",
      "##Elem-153--#############################################################\n",
      "[ 0.036  0.417  0.514  0.032] [ 0.198  0.268  0.311  0.223] [ 0.39   0.003  0.004  0.603] \n",
      "##Elem-154--#############################################################\n",
      "[ 0.063  0.216  0.358  0.363] [ 0.015  0.772  0.18   0.034] [ 0.077  0.002  0.001  0.92 ] \n",
      "##Elem-155--#############################################################\n",
      "[ 0.085  0.356  0.476  0.084] [ 0.176  0.305  0.34   0.179] [ 0.422  0.001  0.002  0.575] \n",
      "##Elem-156--#############################################################\n",
      "[ 0.061  0.381  0.498  0.06 ] [ 0.275  0.207  0.236  0.281] [ 0.424  0.002  0.003  0.571] \n",
      "##Elem-157--#############################################################\n",
      "[ 0.095  0.373  0.462  0.07 ] [ 0.237  0.397  0.172  0.194] [ 0.505  0.001  0.001  0.493] \n",
      "##Elem-158--#############################################################\n",
      "[ 0.119  0.355  0.429  0.096] [ 0.261  0.22   0.248  0.27 ] [ 0.467  0.003  0.002  0.528] \n",
      "##Elem-159--#############################################################\n",
      "[ 0.138  0.244  0.398  0.22 ] [ 0.078  0.461  0.393  0.069] [ 0.239  0.001  0.001  0.76 ] \n",
      "##Elem-160--#############################################################\n",
      "[ 0.064  0.3    0.518  0.118] [ 0.104  0.453  0.36   0.083] [ 0.24   0.001  0.001  0.758] \n",
      "##Elem-161--#############################################################\n",
      "[ 0.027  0.635  0.231  0.107] [ 0.032  0.747  0.15   0.07 ] [ 0.13   0.002  0.001  0.868] \n",
      "##Elem-162--#############################################################\n",
      "[ 0.016  0.381  0.57   0.034] [ 0.033  0.495  0.396  0.076] [ 0.094  0.004  0.003  0.899] \n",
      "##Elem-163--#############################################################\n",
      "[ 0.088  0.388  0.455  0.069] [ 0.327  0.207  0.185  0.282] [ 0.504  0.001  0.001  0.494] \n",
      "##Elem-164--#############################################################\n",
      "[ 0.061  0.386  0.447  0.107] [ 0.028  0.766  0.155  0.051] [ 0.371  0.006  0.003  0.621] \n",
      "##Elem-165--#############################################################\n",
      "[ 0.044  0.424  0.497  0.035] [ 0.23   0.253  0.284  0.233] [ 0.459  0.002  0.002  0.537] \n",
      "##Elem-166--#############################################################\n",
      "[ 0.061  0.321  0.518  0.1  ] [ 0.157  0.375  0.329  0.139] [ 0.232  0.002  0.003  0.764] \n",
      "##Elem-167--#############################################################\n",
      "[ 0.08   0.387  0.469  0.065] [ 0.281  0.202  0.229  0.288] [ 0.468  0.003  0.003  0.526] \n",
      "##Elem-168--#############################################################\n",
      "[ 0.124  0.32   0.434  0.121] [ 0.178  0.367  0.293  0.162] [ 0.52   0.003  0.002  0.475] \n",
      "##Elem-169--#############################################################\n",
      "[ 0.043  0.324  0.547  0.086] [ 0.046  0.486  0.39   0.077] [ 0.135  0.003  0.003  0.858] \n",
      "##Elem-170--#############################################################\n",
      "[ 0.166  0.19   0.338  0.305] [ 0.169  0.386  0.315  0.13 ] [ 0.245  0.     0.001  0.754] \n",
      "##Elem-171--#############################################################\n",
      "[ 0.149  0.298  0.406  0.147] [ 0.142  0.336  0.375  0.147] [ 0.424  0.003  0.004  0.569] \n",
      "##Elem-172--#############################################################\n",
      "[ 0.06   0.413  0.48   0.047] [ 0.343  0.179  0.168  0.31 ] [ 0.526  0.005  0.005  0.464] \n",
      "##Elem-173--#############################################################\n",
      "[ 0.068  0.374  0.493  0.066] [ 0.281  0.204  0.234  0.282] [ 0.473  0.002  0.002  0.524] \n",
      "##Elem-174--#############################################################\n",
      "[ 0.09   0.184  0.37   0.356] [ 0.07   0.487  0.307  0.136] [ 0.129  0.001  0.001  0.869] \n",
